96     83     45
          start
           prog
           body
       declpart
       decllist
       declstat
           type
       procpart
       proclist
           proc
       prochead
       procname
      fparmlist
       calltype
       execpart
       exechead
       statlist
           stat
      inputstat
     outputstat
       callstat
       callname
      aparmlist
         ifstat
         ifthen
         ifhead
      whilestat
      whileexpr
        whilehd
          astat
          bexpr
        andexpr
        notexpr
        relexpr
          aexpr
           term
        primary
       constant
            END
        PROGRAM
            var
        DECLARE
              ;
        integer
             ::
        INTEGER
           REAL
              }
      PROCEDURE
              ,
              {
          VALUE
      REFERENCE
           MAIN
              [
              ]
              :
          INPUT
         string
         OUTPUT
           CALL
           ELSE
             IF
              (
              )
           THEN
             DO
          WHILE
             <-
              |
              &
              !
              <
             <=
              >
             >=
             ==
             !=
              +
              -
              *
              /
           real
    3    2    3   39    1
    2   40   41    2
    3    4    8   15    3
    2    4   15    3
    3   42    5   39    4
    3    5    6   43    5
    2    6   43    5
    2    7   41    6
    3    7   41   44    6
    5    7   41   44   45   44    6
    1   46    7
    1   47    7
    1    9    8
    2    9   10    9
    1   10    9
    4   11    4   17   39   10
    3   11   17   39   10
    3   12   13   48   11
    1   12   11
    2   49   41   12
    5   13   50   14    7   41   13
    6   13   50   14    7   41   44   13
    8   13   50   14    7   41   44   45   44   13
    4   51   14    7   41   13
    5   51   14    7   41   44   13
    7   51   14    7   41   44   45   44   13
    1   52   14
    1   53   14
    3   16   17   39   15
    1   54   16
    2   17   18   17
    1   18   17
    2   27   43   18
    2   24   43   18
    1   30   18
    2   19   43   18
    2   20   43   18
    2   21   43   18
    3   19   50   41   19
    6   19   50   41   55   35   56   19
    8   19   50   41   55   35   57   35   56   19
    2   58   59   19
    3   20   50   41   20
    3   20   50   59   20
    6   20   50   41   55   35   56   20
    8   20   50   41   55   35   57   35   56   20
    2   60   59   20
    3   22   23   48   21
    1   22   21
    2   61   41   22
    4   23   50   14   41   23
    7   23   50   14   41   55   35   56   23
    9   23   50   14   41   55   35   57   35   56   23
    3   51   14   41   23
    6   51   14   41   55   35   56   23
    8   51   14   41   55   35   57   35   56   23
    3   26   17   39   24
    3   25   17   39   24
    3   26   17   62   25
    5   63   64   31   65   66   26
    3   28   17   39   27
    5   29   64   31   65   67   28
    1   68   29
    3   41   69   30   30
    6   41   55   35   56   69   30   30
    8   41   55   35   57   35   56   69   30   30
    4   41   69   35   43   30
    7   41   55   35   56   69   35   43   30
    9   41   55   35   57   35   56   69   35   43   30
    3   31   70   32   31
    1   32   31
    3   32   71   33   32
    1   33   32
    2   72   34   33
    1   34   33
    3   35   73   35   34
    3   35   74   35   34
    3   35   75   35   34
    3   35   76   35   34
    3   35   77   35   34
    3   35   78   35   34
    1   35   34
    3   35   79   36   35
    3   35   80   36   35
    2   80   36   35
    1   36   35
    3   36   81   37   36
    3   36   82   37   36
    1   37   36
    3   64   31   65   37
    6   41   55   35   57   35   56   37
    4   41   55   35   56   37
    1   41   37
    1   38   37
    1   44   38
    1   83   38
00000000000000000000000000000000000000000000000000000000000000000000000000000000000
00130000000000000000000000000000000000000300000000000000000000000000000000000000000
00000000000000000000000000000000000000100000000000000000000000000000000000000000000
00000001333300131333330333333300000000003000000030000300030330300003000000000000000
00000130000000000000000000000000000000100000033000000000000000000000000000000000000
00000000000000000000000000000000000000000010000000000000000000000000000000000000000
00000000000000000000000000000000000000001000000000000000000000000000000000000000000
00000000000000130000000000000000000000000000000000000300000000000000000000000000000
00000000013300220000000000000000000000000000000030000200000000000000000000000000000
00000000022200220000000000000000000000000000000020000200000000000000000000000000000
00010000000000001333330333333300000000003300000000000000030330300003000000000000000
00020000000010002222220222222200000000002200000000300000020220200002000000000000000
00000000000000000000000000000000000000000000000101000000000000000000000000000000000
00000010000000000000000000000000000000001000033000000000000000000000000000000000000
00000000000000000000000000000000000000200000000000000000000000000000000000000000000
00000000000000001333330333333300000000003000000000000000030330300003000000000000000
00000000000000000133330333333300000000103000000000000000030331300003000000000000000
00000000000000000222220222222200000000202000000000000000020222200002000000000000000
00000000000000000000000000000000000000000010000001000000000000000000000000000000000
00000000000000000000000000000000000000000010000001000000000000000000000000000000000
00000000000000000000000000000000000000000010000000000000000000000000000000000000000
00000000000000000000001000000000000000000020000000300000000000000000000000000000000
00000000000000000000000000000000000000000000000101000000000000000000000000000000000
00000000000000000000000000000000000000000010000000000000000000000000000000000000000
00000000000000001333330333333300000000003000000000000000030330300003000000000000000
00000000000000001333330333333300000000003000000000000000030330300003000000000000000
00000000000000000000000000000000000000000010000000000000000000000000000000000000000
00000000000000001333330333333300000000003000000000000000030330300003000000000000000
00000000000000000000000000000000000000000000000000000000000000010000000000000000000
00000000000000000222220222222200000000202000000000000000020222200002000000000000000
00000000000000000000000000000000000000000000000000000000000000001000010000000000000
00000000000000000000000000000000000000000000000000000000000000002000021000000000000
00000000000000000000000000000000000000000000000000000000000000002000022000000000000
00000000000000000000000000000000000000000000000000000000000000002000022000000000000
00000000000000000000000000000000000000000010000000000001100000002000022011111111000
00000000000000000000000000000000000000000020000000000002200000002000022022222222110
00000000000000000000000000000000000000000020000000000002200000002000022022222222220
00000000000000000000000000000000000000000020000000000002200000002000022022222222220
00000002222200222222220222222200000000202020000020000200020220200002000000000000000
00000000000000000000000000000000000000001000000000000000000000000000000000000000000
00220000000020002222222222222200000000002221000202200012220220202002122022222222220
00001330000000000000000000000000000000000000033000000000000000000000000000000000000
00000220000000000222220222222200000000202000022000000000020222200002000000000000000
00000000000000000000000000000000000000000020100202000002200000002000022022222222220
00000000000000000000000000000000000000000001000000000000000000000000000000000000000
00000000000000000000000000000000000000002000000000000000000000000000000000000000000
00000000000000000000000000000000000000002000000000000000000000000000000000000000000
00020000000000002222220222222200000000002220000000000000020220200002000000000000000
00000000000000000000000000000000000000001000000000000000000000000000000000000000000
00000000000001000000000000000000000000001000000000033000001000000000000000000000000
00000000000001000000000000000000000000000000000000033000000000000000000000000000000
00000020000000000000000000000000000000002000022000000000000000000000000000000000000
00000020000000000000000000000000000000002000022000000000000000000000000000000000000
00000000000000002222220222222200000000002000000000000000020220200002000000000000000
00000000000000000000000000000000001333003003000000000000000000030000000000000003003
00000000000000000000000000000000000000000020000202000002200000002000122022222222220
00000000000000000000000000000000001333003003000000000000000000030000000000000003003
00000000000000000000000000000000000000000000000000000000001000000000000000000000000
00000000000000000000000000000000000000000020000002000000000000000000000000000000000
00000000000000000000000000000000000000000000000000000000001000000000000000000000000
00000000000000000000000000000000000000001000000000000000000000000000000000000000000
00000000000000002222220222222200000000002000000000000000020220200002000000000000000
00000000000000000000000000000000000000000000000000000000000000010000000000000000000
00000000000000000000000000000013333333003003000000000000000000030000000300000003003
00000000000000000000000000000000000000000020000000000002200000002110022022222222220
00000000000000002222220222222200000000002000000000000000020220200002000000000000000
00000000000000002222220222222200000000002000000000000000020220200002000000000000000
00000000000000000000000000000000000000000000000000000000000000020000000000000000000
00000000000000000000000000000100001333003003000000000000000000030000000000000003003
00000000000000000000000000000001333333003003000000000000000000030000000300000003003
00000000000000000000000000000000133333003003000000000000000000030000000300000003003
00000000000000000000000000000000013333003003000000000000000000030000000000000003003
00000000000000000000000000000000001333003003000000000000000000030000000000000003003
00000000000000000000000000000000001333003003000000000000000000030000000000000003003
00000000000000000000000000000000001333003003000000000000000000030000000000000003003
00000000000000000000000000000000001333003003000000000000000000030000000000000003003
00000000000000000000000000000000001333003003000000000000000000030000000000000003003
00000000000000000000000000000000001333003003000000000000000000030000000000000003003
00000000000000000000000000000000000133003003000000000000000000030000000000000000003
00000000000000000000000000000000000133003003000000000000000000030000000000000000003
00000000000000000000000000000000000013003003000000000000000000030000000000000000003
00000000000000000000000000000000000013003003000000000000000000030000000000000000003
00000000000000000000000000000000000000000020000000000002200000002000022022222222220
